151 151 151 151 150 151 151 150 150 151 151 151 151 151 151 151 150 150 151 151 151 151 151 150 151 151 151
134 132 142 142 138 145 156 155 153 146 147 150 144 144 147 147 148 148 150 151 149 150 148 151 152 151 153
165 140 138 175 137 135 161 149 145 179 138 137 190 138 136 160 143 143 164 145 142 165 142 143 148 151 147
151 151 151 151 151 151 151 151 151 151 151 151 151 151 151 151 151 151 151 151 151 151 151 151 151 151 151
154 157 152 141 139 147 194 208 172 149 151 148 72 36 116 186 198 168 166 172 158 108 105 135 180 181 164
146 147 151 164 176 159 140 130 146 151 155 153 181 198 162 122 116 141 154 149 153 173 173 158 132 137 144
150 155 152 128 138 138 135 143 141 151 157 157 130 142 143 145 153 152 154 154 152 144 148 148 153 154 148
150 149 161 149 145 162 151 146 156 149 149 162 151 147 164 153 147 155 148 149 156 150 147 158 154 147 152
151 151 150 151 151 150 151 150 150 151 151 150 151 151 150 151 151 150 152 151 151 152 151 150 152 151 150
151 151 151 151 151 151 151 151 151 151 151 151 151 151 151 151 151 151 151 151 151 151 151 151 151 151 151
149 150 150 150 151 151 150 151 151 150 151 150 150 151 150 150 151 151 150 151 150 150 151 150 150 151 151
78 42 120 210 240 181 154 161 152 86 64 128 216 243 178 151 156 150 138 136 150 177 171 164 139 140 146
115 160 195 108 157 191 122 153 180 103 150 188 96 148 181 125 154 182 131 157 185 126 153 174 137 150 170
161 123 169 165 124 165 154 140 158 162 122 168 168 127 158 149 145 158 159 128 166 160 133 159 147 152 154
149 149 149 151 150 150 151 150 150 150 150 150 150 149 150 150 149 149 150 151 151 151 151 151 151 151 151
162 167 156 163 169 156 151 151 152 119 104 137 118 102 138 143 140 145 157 160 153 159 166 154 148 150 151
135 140 137 204 209 181 158 145 140 146 138 140 190 175 159 172 148 152 160 145 160 154 124 137 159 127 153
167 150 150 167 145 147 158 146 147 165 148 147 167 144 148 159 147 150 156 148 148 157 146 151 155 149 153
101 147 220 98 141 223 100 139 201 84 141 225 82 136 229 99 149 222 98 146 198 97 141 199 115 158 202
137 130 146 166 177 162 148 143 147 193 217 182 102 72 107 156 164 166 167 172 146 111 103 154 175 181 154
150 150 151 150 150 151 150 151 151 150 151 151 150 150 150 150 151 151 151 151 151 150 151 151 151 151 151
129 119 118 198 194 169 195 189 169 201 203 198 117 116 144 69 65 112 124 127 134 139 149 144 186 195 172
151 151 151 151 151 151 151 151 151 151 151 151 151 151 151 151 151 151 151 151 151 151 151 151 151 151 151
132 126 143 139 136 146 152 151 151 139 135 146 144 142 148 151 151 152 155 155 153 154 154 152 151 151 152
151 150 151 150 150 150 150 150 151 150 150 150 150 150 150 151 151 151 150 150 151 150 150 151 151 150 151
148 152 151 148 159 157 153 166 163 154 155 153 161 167 161 155 166 159 151 149 150 146 153 152 146 161 161
162 123 154 165 116 165 160 134 161 166 122 154 168 109 162 164 127 162 157 141 150 161 128 161 157 142 161
151 150 151 151 151 151 150 150 151 151 151 151 150 150 151 150 150 151 151 151 151 150 150 150 150 150 151
58 1 118 87 47 127 209 230 189 204 255 188 150 173 161 144 130 152 190 199 164 195 225 171 99 101 133
146 146 148 156 155 158 150 144 150 152 160 155 151 161 160 149 154 156 153 162 150 157 173 164 159 168 163
150 150 150 150 150 150 149 150 150 150 150 150 149 150 150 149 150 151 149 150 150 149 150 150 149 150 150
152 156 151 171 180 160 171 177 161 150 149 151 148 144 150 149 146 150 151 152 151 151 151 152 151 150 151
